0 45.0
0.05 44.0074012614
0.1 42.0395477681
0.15000000000000002 39.1316846381
0.2 35.3379102
0.25 30.7322122366
0.3 25.4091629071
0.35 19.4837945601
0.39999999999999997 13.0902202489
0.44999999999999996 6.37871830893
0.49999999999999994 -0.488739602595
0.5499999999999999 -7.34422353907
0.6 -14.0202663222
0.65 -20.3562303127
0.7000000000000001 -26.2038927214
0.7500000000000001 -31.4317072196
0.8000000000000002 -35.9274932705
0.8500000000000002 -39.5996155831
0.9000000000000002 -42.3769633955
0.9500000000000003 -44.2081783835
1.0000000000000002 -45.0606065925
1.0500000000000003 -44.9193866627
1.1000000000000003 -43.7869655312
1.1500000000000004 -41.6831812893
1.2000000000000004 -38.6458898989
1.2500000000000004 -34.7319512625
1.3000000000000005 -30.0182449768
1.3500000000000005 -24.6022783127
1.4000000000000006 -18.6019081507
1.4500000000000006 -12.1537556357
1.5000000000000007 -5.41006415255
1.5500000000000007 1.46597703069
1.6000000000000008 8.30610569533
1.6500000000000008 14.9434468123
1.7000000000000008 21.2188100936
1.7500000000000009 26.9861144832
1.800000000000001 32.1164343881
1.850000000000001 36.5004642882
1.900000000000001 40.0495045811
1.950000000000001 42.6953051841
2.000000000000001 44.3892259928
2.0500000000000007 45.1011853794
2.1000000000000005 44.8187946289
2.1500000000000004 43.5469493215
2.2 41.3079945769
2.25 38.1424175972
2.3 34.1098610369
2.3499999999999996 29.2901093514
2.3999999999999995 23.7836000449
2.4499999999999993 17.7109830544
2.499999999999999 11.2113243501
2.549999999999999 4.43873767872
2.5999999999999988 -2.44248931871
2.6499999999999986 -9.26389345075
2.6999999999999984 -15.8593197965
2.7499999999999982 -22.0711354518
2.799999999999998 -27.7554828685
2.849999999999998 -32.7861066085
2.8999999999999977 -37.0565954325
2.9499999999999975 -40.4811814988
2.9999999999999973 -42.9944577136
3.049999999999997 -44.5504803625
3.099999999999997 -45.1217222722
3.149999999999997 -44.6982589541
3.1999999999999966 -43.2874380349
3.2499999999999964 -40.9141259442
3.2999999999999963 -37.6214621016
3.349999999999996 -33.471892518
3.399999999999996 -28.5481176037
3.4499999999999957 -22.9534969182
3.4999999999999956 -16.8114376755
3.5499999999999954 -10.2633827763
3.599999999999995 -3.4652175919
3.649999999999995 3.4177936769
3.699999999999995 10.2171186518
3.7499999999999947 16.7674487576
3.7999999999999945 22.9128149945
3.8499999999999943 28.5116606018
3.899999999999994 33.4404451718
3.949999999999994 37.5956672119
3.999999999999994 40.8944841604
4.049999999999994 43.2743130679
4.099999999999993 44.6918849015
4.149999999999993 45.1222101448
4.199999999999993 44.5578217264
4.249999999999993 43.0085244003
4.299999999999993 40.5017214653
4.3499999999999925 37.0832259714
4.399999999999992 32.8183071311
4.449999999999992 27.7925902575
4.499999999999992 22.1123453152
4.549999999999992 15.9036966176
4.599999999999992 9.31039149747
4.6499999999999915 2.48998432167
4.699999999999991 -4.39140826926
4.749999999999991 -11.1653166637
4.799999999999991 -17.6674028568
4.849999999999991 -23.743464568
4.899999999999991 -29.254318545
4.94999999999999 -34.0791798046
4.99999999999999 -38.1174684241
5.04999999999999 -41.2892582836
5.09999999999999 -43.5347707749
5.14999999999999 -44.8133901156
5.1999999999999895 -45.1026488279
5.249999999999989 -44.3975320953
5.299999999999989 -42.7103085292
5.349999999999989 -40.0709350398
5.399999999999989 -36.5279200067
5.449999999999989 -32.149374739
5.4999999999999885 -27.0238560528
5.549999999999988 -21.2605290328
5.599999999999988 -14.9881904362
5.649999999999988 -8.35281496868
5.699999999999988 -1.51351964793
5.749999999999988 5.36285259181
5.799999999999987 12.108026707
5.849999999999987 18.5587571951
5.899999999999987 24.5627074253
5.949999999999987 29.9831357731
5.999999999999987 34.7020486712
6.0499999999999865 38.6217961099
6.099999999999986 41.665357415
6.149999999999986 43.7757377476
6.199999999999986 44.914953574
6.249999999999986 45.063045109
6.299999999999986 44.2174463058
6.349999999999985 42.3928979741
6.399999999999985 39.6219284581
6.449999999999985 35.9557632944
6.499999999999985 31.4653736402
6.549999999999985 26.242251871
6.5999999999999845 20.3984391158
6.649999999999984 14.0653553783
6.699999999999984 7.3911211801
6.749999999999984 0.536306322822
6.799999999999984 -6.33164784749
6.849999999999984 -13.0447921857
6.8999999999999835 -19.4410930612
6.949999999999983 -25.3701743801
6.999999999999983 -30.6977996384
7.049999999999983 -35.3087983666
7.099999999999983 -39.1084555035
7.149999999999983 -42.0226428651
7.199999999999982 -43.997128228
7.249999999999982 -44.9965398795
7.299999999999982 -45.0034127376
7.349999999999982 -44.0176277364
7.399999999999982 -42.0564077887
7.4499999999999815 -39.1548714648
7.499999999999981 -35.3669832492
7.549999999999981 -30.7665905589
7.599999999999981 -25.4481226467
7.649999999999981 -19.526473676
7.699999999999981 -13.1356331102
7.7499999999999805 -6.42578131236
7.79999999999998 0.441172309734
7.84999999999998 7.29731731704
7.89999999999998 13.9751610055
7.94999999999998 20.3139981665
7.99999999999998 26.1655039477
8.04999999999998 31.3980058231
8.09999999999998 35.8991839029
8.14999999999998 39.5772599782
8.199999999999982 42.3609836431
8.249999999999982 44.1988637349
8.299999999999983 45.0581206432
8.349999999999984 44.9237724349
8.399999999999984 43.7981469414
8.449999999999985 41.7009605906
8.499999999999986 38.6699418208
8.549999999999986 34.7618156488
8.599999999999987 30.0533206243
8.649999999999988 24.6418212679
8.699999999999989 18.6450376989
8.74999999999999 12.1994704328
8.79999999999999 5.4572693841
8.84999999999999 -1.418432696
8.899999999999991 -8.25938672467
8.949999999999992 -14.8986858812
8.999999999999993 -21.1770668676
9.049999999999994 -26.9483424717
9.099999999999994 -32.0834583813
9.149999999999995 -36.4729686867
9.199999999999996 -40.0280309895
9.249999999999996 -42.6802563919
9.299999999999997 -44.380873013
9.349999999999998 -45.0996744647
9.399999999999999 -44.8241519087
9.45 -43.5590816969
9.5 -41.3266866247
9.55 -38.1673253636
9.600000000000001 -34.1405046633
9.650000000000002 -29.325867341
9.700000000000003 -23.823708463
9.750000000000004 -17.7545428357
9.800000000000004 -11.2573189858
9.850000000000005 -4.48606189275
9.900000000000006 2.39499145485
9.950000000000006 9.21738459793
10.000000000000007 15.8149246343
